              precision    recall  f1-score   support

           0       0.99      0.98      0.99       151
           1       1.00      0.99      1.00       129
           2       1.00      1.00      1.00        94
           3       0.98      0.99      0.98       164
           4       0.99      1.00      1.00       144
           5       0.95      0.97      0.96       108
           6       0.99      0.99      0.99       159
           7       0.96      0.96      0.96       126
           8       0.99      0.99      0.99       165
           9       0.97      0.92      0.95       144
          10       0.95      0.97      0.96       150
          11       0.99      0.99      0.99       146
          12       0.92      0.97      0.95       148
          13       0.98      0.96      0.97       157
          14       0.99      0.96      0.97       146
          15       0.99      0.99      0.99       166
          16       0.95      0.99      0.97       134
          17       0.98      0.95      0.97       137

    accuracy                           0.98      2568
   macro avg       0.98      0.98      0.98      2568
weighted avg       0.98      0.98      0.98      2568
